0.23983353914603442
0.13591240474995367
0.13068220060265812
0.07817622012602675
0.1455945964316592
0.19732426824314983
0.11030988028577633
0.09982777384886912
0.06765160661033336
0.214640355425673
0.1398207305130146
0.14411624960624297
0.3234617944291057
0.14317900030238584
0.07090527644295759
0.22540681169076468
0.05685459953107842
0.1137261697806566
0.08661123682967435
0.0951614337277406
0.08105582904726316
0.1294923470359334
0.09576724972381843
0.478260302168675
0.15166375273049199
0.2659896602508433
0.09819907900106406
0.08278117322513204
0.23726693343451682
0.08369509981267613
0.09030171170460168
0.040470997571596536
0.05996787997717537
0.07191926408350276
0.07810780651914775
0.08481731698141838
0.1579821847703118
0.0684027360443168
0.12019808769228153
0.0864524636481068
0.05034068668920026
0.11246405879619681
0.5574679839223203
0.296115038308856
0.37493483873786465
0.32604105974489667
